$ 1 0.000005 10.20027730826997 50 5 43
a 256 224 384 224 9 5 0 1000000 1.2359108561636665 1.2474999999988137 140
w 256 240 224 240 0
w 224 240 224 320 0
w 224 320 288 320 0
r 288 320 368 320 0 470000
w 368 320 384 320 0
w 384 320 384 224 2
w 256 208 144 208 0
c 144 208 144 240 0 0.00010499999999999999 1.2474999999988137
g 144 240 144 256 0
r -32 144 32 208 0 320
r 32 208 -32 272 0 320
r -32 272 -96 208 0 320
R -32 144 -32 64 0 0 40 2.495 0 0 0.5
g -32 272 -32 288 0
w -96 208 -96 320 0
w -96 320 64 320 0
w 32 208 144 208 0
r 224 320 64 320 0 10000
r -32 144 -96 208 0 330.4
a 656 224 768 224 9 5 0 1000000 1.637113943025232 1.651264002928689 140
w 656 208 560 208 0
c 560 208 560 256 0 0.00010499999999999999 1.651264002928689
w 560 256 512 256 0
174 512 160 544 256 1 500000 0.49010000000000004 Resistance
w 544 208 560 208 0
R 512 160 512 96 0 0 40 2.495 0 0 0.5
w 384 320 512 320 0
r 512 320 624 320 0 20000
w 656 240 656 320 0
w 624 320 656 320 0
r 656 320 768 320 0 470000
w 768 320 768 224 2
c 768 320 768 384 0 0.00010499999999999999 1.9810083864839747
g 768 384 768 400 0
r 768 224 864 224 0 120
g 512 256 512 288 0
w 864 224 896 224 2
p 896 224 896 320 1 0 0
g 896 320 896 368 0
38 19 0 310 350 Resistance
