$ 1 0.000005 10.20027730826997 50 5 43
r 16 128 80 208 0 360
r -64 208 0 288 0 360
r 0 288 80 208 0 360
R 16 128 16 48 0 0 40 3 0 0 0.5
g 0 288 0 336 0 0
w 16 128 0 144 0
w -64 208 -64 384 0
w -64 384 128 384 0
w 416 224 448 224 0
w 448 224 448 384 0
r 288 384 400 384 0 500000
w 256 240 224 240 0
w 224 240 224 384 0
w 224 384 288 384 0
w 400 384 448 384 0
r 128 384 224 384 0 10000
w 80 208 256 208 0
p 880 224 880 352 1 0 0
g 880 352 880 384 0 0
409 256 224 416 224 3 0.5 -1.6639880978758539 0.02 1
R 336 192 336 128 0 0 40 5 0 0 0.5
g 336 256 336 304 0 0
409 624 224 784 224 3 0.5 -4.438825149323505 0.02 1
w 448 384 512 384 0
r 512 384 624 384 0 20000
w 624 240 624 384 0
r 624 384 704 384 0 470000
w 784 224 784 384 0
w 704 384 784 384 0
w 624 208 560 208 0
g 560 272 560 304 0 0
w 560 272 512 272 0
174 512 144 560 256 1 500000 0.5099 Resistance
R 512 144 512 64 0 0 40 3 0 0 0.5
R 704 192 704 128 0 0 40 5 0 0 0.5
g 704 256 704 304 0 0
r 784 224 880 224 0 120
r 0 144 -64 208 0 359
p 512 384 512 448 1 0 0
g 512 448 512 480 0 0
38 37 0 359 361 Gauge
38 10 0 450000 500000 Amplification
